74870870482294877661935744097890226621039198107290264992063472422008053607765
64406072227601415334654104689812336149578366806480360506605871642290062188514
35379315200835077718762623592476227842123043172539048765280710685929899211603
36448782379152798252769156880847275882152981499072113035658307372038461718762
61179838729486792668968979058053414913270730801205099111596190027298582242759
77487729768570353812164371110312659116507243759190110303126951609947613631920
113688771468836101968281732780778643581378762865460097500584367084419006269171
38486117874851071534482864232990690014616385557239136583180896363071233437734
82625469468933750337335714206690903642823448444727416799906554603561914782440
109803378410630639510366433673900856671745318172906508301394513274120589636590
65838134120716671380438861578711706024927156363352732918061698615154412294679
87546088320934480963254849254104147756499838611870479192619822451271918117794
18874024175844239506047547561029057851637961092016157064945578717188493685445
36530584127701278051574215950189946261135776507660191245531410842367119529509
107840629516441830919333642434333568619066887424077026692683753578643439829676
95318760622723114269141150051943772361007574015346775715240410106617774787202
101181414552387371348985104305644528324088398966077867920365683836763379705005
73174488050362823456315311240275391982621434589968101481171626604058578695775
107853848326357445672787502842298440706074858106679350026125308551991620876106
24977404925874163149394773827002946546346538359607272903832586162929769166347
90604913117143764651590950441606553919823809597047804672500077941153883199668
111201683091799061771493142571288746630727903041210022867611600394140021620236
63139581906415133043327434674462224310028667661909520747379767004383240961497
85092360090383462402725823427583292507977281304513500846397401254182707173022
51642932847408188538326148149537929766573913284487861172944721866454317480090
62195362155203466096474661155023054471504906259406393508736755442175926114572
55478371219318808731335414468964039288332156665354600905350247587425960820044
16096043092977028924501184522537704094378312849147336858159713709350479514996
36549311909611734244072337912903976291899914889879251419663837130639614957217
45381624426776373898589763473930979699129813522752290900851004893759533649889
12521639195233917821718391131410805601616200691966724576083831745895886952154
5285310705357217670498827827667261574424755928301613206984402322268701813897
69765974257795060003948066881468988645565586363138078248476442513438964012780
6999748278376460644612632900590805010111819052738681365917016595284091262070
36621769659176227034095653585332480421375407937851110010453643128571753547531
45693649470914448382551293401091478662046094427894378072293164255747038722657
105079081953233337513235614540759280368347710160080564679797630743707004983204
24499154773095041524403615334570568858696247492479536858195472408937937666655
16935422707569779298454485552870616875110908116185709908335764533414167951223
58661485456476808096993727859931991417109952775450515323722771414347424536442
109437310054216905779997845253610130486841220484398348301001228183935682924421
5868058358136958479516368826832462707778049624008590971612919534734294848436
79588191387348681705301714082068881485318352152431436910633436486492723696426
87465504286262977065786155794695008219758276352704067910201814283474437484692
20147418180690417399615068327321077321182351735987046407806184091120337897478
57132124272898922266308443813361360359646566309118379638009591844259540115335
2728373958277015753531652414717824055578591119476457356514119844398723077345
39024750843057231933596569644321027678434961632664569046989799643905941642226
59541715659507680056493711666449729391316718021898788733006645265957242136192
23238376659501789072726566589466170730829306762793806197545866348660594294142
